 
Cosine Similarities Q10a (N = 3)

 1.00000  0.34682  0.38460  0.06860  0.80115  0.10625  0.24149  0.02576  0.95710  0.01475  0.20412  0.39897  0.19555  0.52255  0.99291  0.45584  0.00000  0.33578  0.31878  0.41524  0.97539  0.00000  0.20107  0.55290  0.12382  0.00000  0.98037 
 0.34682  1.00000  0.99682  0.87601  0.00000  0.90490  0.97951  0.81453  0.19741  0.82899  0.84820  0.99378  0.95958  0.90326  0.28918  0.96946  0.81496  0.99975  0.99841  0.98897  0.44066  0.81496  0.96229  0.84728  0.84126  0.81496  0.28135 
 0.38460  0.99682  1.00000  0.83477  0.00000  0.86809  0.96034  0.76576  0.21892  0.78176  0.80605  0.99950  0.93409  0.93459  0.32068  0.98593  0.76616  0.99478  0.99074  0.99763  0.48866  0.76616  0.93754  0.88693  0.79642  0.76616  0.30674 
 0.06860  0.87601  0.83477  1.00000  0.00001  0.99798  0.95519  0.99290  0.03905  0.99593  0.98170  0.81686  0.97633  0.58431  0.05720  0.73098  0.99341  0.88662  0.90180  0.79490  0.08716  0.99341  0.97417  0.48605  0.99201  0.99341  0.08746 
 0.80115  0.00000  0.00000  0.00001  1.00000  0.00000  0.00000  0.03216  0.94019  0.00000  0.18885  0.00000  0.00000  0.00000  0.86660  0.00000  0.00000  0.00000  0.00000  0.00000  0.64948  0.00000  0.00000  0.00000  0.11231  0.00000  0.90119 
 0.10625  0.90490  0.86809  0.99798  0.00000  1.00000  0.97208  0.98360  0.06048  0.98819  0.97816  0.85188  0.98811  0.63473  0.08859  0.77289  0.98411  0.91423  0.92745  0.83187  0.13500  0.98411  0.98656  0.54063  0.98634  0.98411  0.11427 
 0.24149  0.97951  0.96034  0.95519  0.00000  0.97208  1.00000  0.91450  0.13746  0.92464  0.93049  0.95100  0.99660  0.79834  0.20136  0.90021  0.91497  0.98379  0.98930  0.93887  0.30683  0.91497  0.99736  0.72295  0.93053  0.91497  0.20919 
 0.02576  0.81453  0.76576  0.99290  0.03216  0.98360  0.91450  1.00000  0.03024  0.99918  0.98360  0.74498  0.94462  0.48719  0.02787  0.64761  0.99948  0.82733  0.84589  0.71975  0.02089  0.99948  0.94138  0.38249  0.99516  0.99948  0.06718 
 0.95710  0.19741  0.21892  0.03905  0.94019  0.06048  0.13746  0.03024  1.00000  0.00840  0.20762  0.22710  0.11131  0.29744  0.98476  0.25947  0.00000  0.19113  0.18145  0.23636  0.86966  0.00000  0.11445  0.31472  0.12486  0.00000  0.99436 
 0.01475  0.82899  0.78176  0.99593  0.00000  0.98819  0.92464  0.99918  0.00840  1.00000  0.97991  0.76156  0.95288  0.50882  0.01230  0.66652  0.99970  0.84134  0.85919  0.73700  0.01874  0.99970  0.94986  0.40534  0.99315  0.99970  0.04885 
 0.20412  0.84820  0.80605  0.98170  0.18885  0.97816  0.93049  0.98360  0.20762  0.97991  1.00000  0.78783  0.95319  0.55381  0.20770  0.70095  0.97803  0.85910  0.87475  0.76554  0.18977  0.97803  0.95083  0.45582  0.99647  0.97803  0.24568 
 0.39897  0.99378  0.99950  0.81686  0.00000  0.85188  0.95100  0.74498  0.22710  0.76156  0.78783  1.00000  0.92228  0.94542  0.33266  0.99074  0.74536  0.99103  0.98593  0.99931  0.50692  0.74536  0.92602  0.90115  0.77715  0.74536  0.31632 
 0.19555  0.95958  0.93409  0.97633  0.00000  0.98811  0.99660  0.94462  0.11131  0.95288  0.95319  0.92228  1.00000  0.74599  0.16305  0.86126  0.94511  0.96566  0.97392  0.90731  0.24845  0.94511  0.99995  0.66356  0.95609  0.94511  0.17719 
 0.52255  0.90326  0.93459  0.58431  0.00000  0.63473  0.79834  0.48719  0.29744  0.50882  0.55381  0.94542  0.74599  1.00000  0.43570  0.98091  0.48745  0.89340  0.87764  0.95686  0.66393  0.48745  0.75248  0.99323  0.53296  0.48745  0.39561 
 0.99291  0.28918  0.32068  0.05720  0.86660  0.08859  0.20136  0.02787  0.98476  0.01230  0.20770  0.33266  0.16305  0.43570  1.00000  0.38008  0.00000  0.27998  0.26580  0.34623  0.94227  0.00000  0.16766  0.46101  0.12555  0.00000  0.99641 
 0.45584  0.96946  0.98593  0.73098  0.00000  0.77289  0.90021  0.64761  0.25947  0.66652  0.70095  0.99074  0.86126  0.98091  0.38008  1.00000  0.64795  0.96371  0.95410  0.99509  0.57917  0.64795  0.86620  0.95166  0.68588  0.64795  0.35362 
 0.00000  0.81496  0.76616  0.99341  0.00000  0.98411  0.91497  0.99948  0.00000  0.99970  0.97803  0.74536  0.94511  0.48745  0.00000  0.64795  1.00000  0.82776  0.84632  0.72012  0.00000  1.00000  0.94187  0.38268  0.99206  1.00000  0.03822 
 0.33578  0.99975  0.99478  0.88662  0.00000  0.91423  0.98379  0.82733  0.19113  0.84134  0.85910  0.99103  0.96566  0.89340  0.27998  0.96371  0.82776  1.00000  0.99942  0.98539  0.42663  0.82776  0.96816  0.83514  0.85292  0.82776  0.27388 
 0.31878  0.99841  0.99074  0.90180  0.00000  0.92745  0.98930  0.84589  0.18145  0.85919  0.87475  0.98593  0.97392  0.87764  0.26580  0.95410  0.84632  0.99942  1.00000  0.97905  0.40503  0.84632  0.97609  0.81600  0.86973  0.84632  0.26232 
 0.41524  0.98897  0.99763  0.79490  0.00000  0.83187  0.93887  0.71975  0.23636  0.73700  0.76554  0.99931  0.90731  0.95686  0.34623  0.99509  0.72012  0.98539  0.97905  1.00000  0.52759  0.72012  0.91138  0.91661  0.75364  0.72012  0.32709 
 0.97539  0.44066  0.48866  0.08716  0.64948  0.13500  0.30683  0.02089  0.86966  0.01874  0.18977  0.50692  0.24845  0.66393  0.94227  0.57917  0.00000  0.42663  0.40503  0.52759  1.00000  0.00000  0.25548  0.70250  0.11595  0.00000  0.91359 
 0.00000  0.81496  0.76616  0.99341  0.00000  0.98411  0.91497  0.99948  0.00000  0.99970  0.97803  0.74536  0.94511  0.48745  0.00000  0.64795  1.00000  0.82776  0.84632  0.72012  0.00000  1.00000  0.94187  0.38268  0.99206  1.00000  0.03822 
 0.20107  0.96229  0.93754  0.97417  0.00000  0.98656  0.99736  0.94138  0.11445  0.94986  0.95083  0.92602  0.99995  0.75248  0.16766  0.86620  0.94187  0.96816  0.97609  0.91138  0.25548  0.94187  1.00000  0.67085  0.95339  0.94187  0.18106 
 0.55290  0.84728  0.88693  0.48605  0.00000  0.54063  0.72295  0.38249  0.31472  0.40534  0.45582  0.90115  0.66356  0.99323  0.46101  0.95166  0.38268  0.83514  0.81600  0.91661  0.70250  0.38268  0.67085  1.00000  0.43189  0.38268  0.41351 
 0.12382  0.84126  0.79642  0.99201  0.11231  0.98634  0.93053  0.99516  0.12486  0.99315  0.99647  0.77715  0.95609  0.53296  0.12555  0.68588  0.99206  0.85292  0.86973  0.75364  0.11595  0.99206  0.95339  0.43189  1.00000  0.99206  0.16355 
 0.00000  0.81496  0.76616  0.99341  0.00000  0.98411  0.91497  0.99948  0.00000  0.99970  0.97803  0.74536  0.94511  0.48745  0.00000  0.64795  1.00000  0.82776  0.84632  0.72012  0.00000  1.00000  0.94187  0.38268  0.99206  1.00000  0.03822 
 0.98037  0.28135  0.30674  0.08746  0.90119  0.11427  0.20919  0.06718  0.99436  0.04885  0.24568  0.31632  0.17719  0.39561  0.99641  0.35362  0.03822  0.27388  0.26232  0.32709  0.91359  0.03822  0.18106  0.41351  0.16355  0.03822  1.00000 


Cosine Similarities Q10b (N = 4)


 1.00000  0.09477  0.09485  0.08439  0.60431  0.08821  0.08771  0.00060  0.95847  0.07638  0.19102  0.08995  0.09273  0.08370  0.63279  0.09831  0.07638  0.08653  0.09086  0.07440  0.94917  0.07638  0.07550  0.08468  0.02346  0.07626  0.86739 
 0.09477  1.00000  0.99941  0.96277  0.02732  0.98484  0.98197  0.04159  0.12755  0.92340  0.91303  0.78505  0.93457  0.64642  0.27723  0.90537  0.92349  0.75393  0.83253  0.90713  0.13741  0.92338  0.91789  0.66021  0.28852  0.92386  0.02466 
 0.09485  0.99941  1.00000  0.96232  0.00001  0.98338  0.98240  0.00721  0.12549  0.92363  0.90672  0.77587  0.92352  0.64709  0.26342  0.90574  0.92362  0.74173  0.82101  0.89958  0.13445  0.92363  0.91291  0.66119  0.25546  0.92217  0.00777 
 0.08439  0.96277  0.96232  1.00000  0.01916  0.99445  0.99599  0.03107  0.04143  0.99267  0.97402  0.60212  0.84921  0.41640  0.09196  0.75720  0.99273  0.57300  0.67826  0.97210  0.04483  0.99266  0.98469  0.43304  0.28717  0.99241  0.01550 
 0.60431  0.02732  0.00001  0.01916  1.00000  0.04414  0.00007  0.79444  0.62703  0.00037  0.22225  0.23284  0.27106  0.00726  0.69392  0.01166  0.00257  0.30220  0.28544  0.18011  0.64192  0.00003  0.12065  0.00000  0.76689  0.04462  0.91943 
 0.08821  0.98484  0.98338  0.99445  0.04414  1.00000  0.99836  0.06316  0.07496  0.97456  0.96408  0.68268  0.89683  0.50506  0.17269  0.81828  0.97471  0.65504  0.75063  0.96175  0.08154  0.97453  0.97166  0.52052  0.31681  0.97611  0.03218 
 0.08771  0.98197  0.98240  0.99599  0.00007  0.99836  1.00000  0.00772  0.06680  0.97897  0.95758  0.65788  0.87456  0.49330  0.14025  0.81067  0.97896  0.62552  0.72372  0.95350  0.07157  0.97897  0.96762  0.50942  0.26404  0.97743  0.00466 
 0.00060  0.04159  0.00721  0.03107  0.79444  0.06316  0.00772  1.00000  0.06888  0.00827  0.19863  0.29699  0.34731  0.01152  0.42077  0.01994  0.01104  0.38407  0.36387  0.23430  0.09590  0.00785  0.15957  0.00252  0.96633  0.06395  0.49187 
 0.95847  0.12755  0.12549  0.04143  0.62703  0.07496  0.06680  0.06888  1.00000  0.00003  0.12817  0.28650  0.19238  0.31237  0.81201  0.24276  0.00022  0.28633  0.26194  0.01562  0.99930  0.00000  0.01046  0.30984  0.07864  0.00387  0.86004 
 0.07638  0.92340  0.92363  0.99267  0.00037  0.97456  0.97897  0.00827  0.00003  1.00000  0.97464  0.50261  0.78598  0.30547  0.00020  0.67421  1.00000  0.47353  0.58842  0.97407  0.00005  1.00000  0.98847  0.32314  0.26307  0.99845  0.00123 
 0.19102  0.91303  0.90672  0.97402  0.22225  0.96408  0.95758  0.19863  0.12817  0.97464  1.00000  0.55968  0.83989  0.31584  0.16095  0.67257  0.97516  0.54765  0.65439  0.99248  0.13247  0.97455  0.99225  0.33122  0.44088  0.98374  0.19627 
 0.08995  0.78505  0.77587  0.60212  0.23284  0.68268  0.65788  0.29699  0.28650  0.50261  0.55968  1.00000  0.91442  0.93065  0.68233  0.94369  0.50342  0.99559  0.99018  0.55583  0.31343  0.50249  0.54115  0.93213  0.44195  0.51814  0.15918 
 0.09273  0.93457  0.92352  0.84921  0.27106  0.89683  0.87456  0.34731  0.19238  0.78598  0.83989  0.91442  1.00000  0.73430  0.49806  0.91570  0.78692  0.91158  0.95855  0.84271  0.21366  0.78584  0.82852  0.74208  0.55274  0.80375  0.17782 
 0.08370  0.64642  0.64709  0.41640  0.00726  0.50506  0.49330  0.01152  0.31237  0.30547  0.31584  0.93065  0.73430  1.00000  0.65821  0.90915  0.30549  0.90457  0.87279  0.29958  0.33487  0.30547  0.30331  0.99979  0.12107  0.30550  0.02180 
 0.63279  0.27723  0.26342  0.09196  0.69392  0.17269  0.14025  0.42077  0.81201  0.00020  0.16095  0.68233  0.49806  0.65821  1.00000  0.51363  0.00136  0.70608  0.64908  0.09540  0.83303  0.00002  0.06390  0.65037  0.42965  0.02363  0.73470 
 0.09831  0.90537  0.90574  0.75720  0.01166  0.81828  0.81067  0.01994  0.24276  0.67421  0.67257  0.94369  0.91570  0.90915  0.51363  1.00000  0.67425  0.91138  0.93683  0.65998  0.26042  0.67421  0.66861  0.91665  0.21606  0.67397  0.02108 
 0.07638  0.92349  0.92362  0.99273  0.00257  0.97471  0.97896  0.01104  0.00022  1.00000  0.97516  0.50342  0.78692  0.30549  0.00136  0.67425  1.00000  0.47458  0.58941  0.97469  0.00031  0.99999  0.98889  0.32314  0.26574  0.99860  0.00260 
 0.08653  0.75393  0.74173  0.57300  0.30220  0.65504  0.62552  0.38407  0.28633  0.47353  0.54765  0.99559  0.91158  0.90457  0.70608  0.91138  0.47458  1.00000  0.99072  0.54726  0.31518  0.47336  0.52562  0.90484  0.51785  0.49396  0.20176 
 0.09086  0.83253  0.82101  0.67826  0.28544  0.75063  0.72372  0.36387  0.26194  0.58842  0.65439  0.99018  0.95855  0.87279  0.64908  0.93683  0.58941  0.99072  1.00000  0.65439  0.28859  0.58827  0.63599  0.87570  0.52533  0.60750  0.19025 
 0.07440  0.90713  0.89958  0.97210  0.18011  0.96175  0.95350  0.23430  0.01562  0.97407  0.99248  0.55583  0.84271  0.29958  0.09540  0.65998  0.97469  0.54726  0.65439  1.00000  0.02174  0.97397  0.99709  0.31472  0.47440  0.98516  0.11249 
 0.94917  0.13741  0.13445  0.04483  0.64192  0.08154  0.07157  0.09590  0.99930  0.00005  0.13247  0.31343  0.21366  0.33487  0.83303  0.26042  0.00031  0.31518  0.28859  0.02174  1.00000  0.00000  0.01456  0.33196  0.10547  0.00539  0.86432 
 0.07638  0.92338  0.92363  0.99266  0.00003  0.97453  0.97897  0.00785  0.00000  1.00000  0.97455  0.50249  0.78584  0.30547  0.00002  0.67421  0.99999  0.47336  0.58827  0.97397  0.00000  1.00000  0.98841  0.32314  0.26266  0.99842  0.00102 
 0.07550  0.91789  0.91291  0.98469  0.12065  0.97166  0.96762  0.15957  0.01046  0.98847  0.99225  0.54115  0.82852  0.30331  0.06390  0.66861  0.98889  0.52562  0.63599  0.99709  0.01456  0.98841  1.00000  0.31939  0.40602  0.99537  0.07569 
 0.08468  0.66021  0.66119  0.43304  0.00000  0.52052  0.50942  0.00252  0.30984  0.32314  0.33122  0.93213  0.74208  0.99979  0.65037  0.91665  0.32314  0.90484  0.87570  0.31472  0.33196  0.32314  0.31939  1.00000  0.11670  0.32263  0.01722 
 0.02346  0.28852  0.25546  0.28717  0.76689  0.31681  0.26404  0.96633  0.07864  0.26307  0.44088  0.44195  0.55274  0.12107  0.42965  0.21606  0.26574  0.51785  0.52533  0.47440  0.10547  0.26266  0.40602  0.11670  1.00000  0.31636  0.47629 
 0.07626  0.92386  0.92217  0.99241  0.04462  0.97611  0.97743  0.06395  0.00387  0.99845  0.98374  0.51814  0.80375  0.30550  0.02363  0.67397  0.99860  0.49396  0.60750  0.98516  0.00539  0.99842  0.99537  0.32263  0.31636  1.00000  0.02863 
 0.86739  0.02466  0.00777  0.01550  0.91943  0.03218  0.00466  0.49187  0.86004  0.00123  0.19627  0.15918  0.17782  0.02180  0.73470  0.02108  0.00260  0.20176  0.19025  0.11249  0.86432  0.00102  0.07569  0.01722  0.47629  0.02863  1.00000 



